after 40 episodes (return 0 in get_rewards)
[[  0.          21.10985742   0.        ]
 [ 72.16789991 -69.32512334   0.        ]
 [  0.          24.11416627  -0.203721  ]
 [ 83.65503477   0.           7.7331119 ]
 [  0.           0.          29.75941503]
 [  6.70809565   3.74857549   1.69514176]
 [  0.           0.           0.        ]
 [  0.           0.           0.        ]
 [ -0.105821     0.9879      -0.89      ]]

 after 53 episodes (return 0 in get_rewards)
 [[ -0.89         0.56324835 -88.96622479]
 [  2.67841088  -0.89       -98.79      ]
 [  0.           0.           0.        ]
 [ -1.06150075  -1.23228939  -0.89      ]
 [ -0.89        -0.89         0.97563615]
 [  0.17905541   0.           0.        ]
 [-86.78602149  -1.41750971 -89.        ]
 [-86.73227319  -0.43259193 -89.        ]
 [  0.           0.           0.        ]]


 [[ -7.12        10.01152031   0.        ]
 [ -3.471       -3.471        9.4378244 ]
 [ -3.471        0.178        0.        ]
 [ -3.471       -6.5292981    5.23763934]
 [  1.66552581   0.           0.        ]
 [  6.7730307    0.           0.        ]
 [ -6.9111081    5.22483778  -3.471     ]
 [ -0.34882224   0.         -89.        ]
 [  1.7839026    0.178       -7.60817618]
 [ -0.62756911   0.           0.        ]
 [ -6.9111081   -6.9111081    0.34654856]
 [  2.25316033   0.           0.        ]
 [ -6.9111081   -6.9111081   -1.9376934 ]
 [  0.           0.           0.        ]
 [ -3.471       -3.471        0.178     ]
 [ -1.28437402   0.           0.        ]
 [ -3.471       -3.471        9.35178766]
 [  0.3544158    0.           0.79701775]
 [ -5.96356785  -7.12         0.        ]
 [  5.14821916   0.           0.        ]
 [  0.           0.           0.        ]
 [  1.56484519   0.          -1.89356107]
 [  5.22062453   0.           0.        ]
 [ -6.9111081    3.85903007  -3.471     ]
 [ -6.9111081   -2.86324508  -6.9111081 ]
 [-89.           3.83513197   0.        ]
 [ -6.82497618   1.13515597   0.        ]]

 [[ 0.          0.          0.        ]
 [-3.471      -3.471      -0.2016562 ]
 [-3.471       0.178       0.        ]
 [-3.471      -3.471       1.66986657]
 [-3.43201426  0.          0.        ]
 [ 2.01110519 -3.29691226 -3.471     ]
 [ 0.          0.          0.        ]
 [-5.00408039 -3.471       0.        ]
 [ 0.          0.98573531 -7.12      ]
 [ 1.74001253  0.          0.        ]
 [-3.471      -3.471      -3.471     ]
 [-1.81490737 -4.94647121  0.        ]
 [-6.9111081  -6.9111081  -3.6959742 ]
 [ 0.          0.          0.        ]
 [-3.471      -3.471      -1.74700065]
 [-1.90898747  0.          0.        ]
 [-3.471       1.63325057  0.        ]
 [ 1.79568629 -1.63396686  0.3348358 ]
 [ 3.51673993  0.          0.        ]
 [-2.01985825 -3.3141642  -1.76715323]
 [-3.471       1.66478717  0.        ]
 [14.44818732  0.          0.        ]
 [ 0.          0.          0.        ]
 [-3.471      -1.40686706  0.        ]
 [ 0.          0.          0.        ]
 [-3.471       0.19758     0.        ]
 [ 0.          0.3348358   0.        ]]