[[ 0.          0.          0.        ]
 [-3.471      -3.471      -0.2016562 ]
 [-3.471       0.178       0.        ]
 [-3.471      -3.471       1.66986657]
 [-3.43201426  0.          0.        ]
 [ 2.01110519 -3.29691226 -3.471     ]
 [ 0.          0.          0.        ]
 [-5.00408039 -3.471       0.        ]
 [ 0.          0.98573531 -7.12      ]
 [ 1.74001253  0.          0.        ]
 [-3.471      -3.471      -3.471     ]
 [-1.81490737 -4.94647121  0.        ]
 [-6.9111081  -6.9111081  -3.6959742 ]
 [ 0.          0.          0.        ]
 [-3.471      -3.471      -1.74700065]
 [-1.90898747  0.          0.        ]
 [-3.471       1.63325057  0.        ]
 [ 1.79568629 -1.63396686  0.3348358 ]
 [ 3.51673993  0.          0.        ]
 [-2.01985825 -3.3141642  -1.76715323]
 [-3.471       1.66478717  0.        ]
 [14.44818732  0.          0.        ]
 [ 0.          0.          0.        ]
 [-3.471      -1.40686706  0.        ]
 [ 0.          0.          0.        ]
 [-3.471       0.19758     0.        ]
 [ 0.          0.3348358   0.        ]]